r0 = 0
r1 = -31
r2 = 40
r3 = 0
r4 = 33
r5 = -85152
r6 = 40
r7 = 0

multicycle cycle count = 851
pipeline LW hazard stalls = 30
pipeline Branch flush stalls = 24
pipeline cycle count = 273

hitA = 26
missA = 4
hitRateA = 0.8666666666666667
hitB = 23
missB = 7
hitRateB = 0.7666666666666667
hitC = 23
missC = 7
hitRateC = 0.7666666666666667
hitD = 23
missD = 7
hitRateD = 0.7666666666666667

DIC count = 215
